image: /home/shastro/GIT/ros/hector.pgm
resolution: 0.025000
origin: [-51.212498, -51.212498, 0.000000]
negate: 0
occupied_thresh: 0.65
free_thresh: 0.196

