Webots Project File version R2021b
perspectives: 000000ff00000000fd000000030000000000000234000003e9fc0100000002fb0000001a0044006f00630075006d0065006e0074006100740069006f006e0000000000000000140000000000000000fb0000001e00480074006d006c0052006f0062006f007400570069006e0064006f00770000000000000002340000000000000000000000010000007500000157fc0200000001fb0000001400540065007800740045006400690074006f007202000001100000004400000338000002f0000000030000041e0000007efc0100000002fb0000000e0043006f006e0073006f006c006501000000000000055f0000000000000000fb0000001a0043006f006e0073006f006c00650041006c006c0041006c006c01000000000000041e00000000000000000000041e000003e600000001000000020000000100000008fc00000000
simulationViewPerspectives: 000000ff0000000100000002000000fa000003220100000002010000000100
sceneTreePerspectives: 000000ff0000000100000002000000c0000001240100000002010000000200
minimizedPerspectives: 000000ff00000000fd000000030000000000000234000003e9fc0100000002fb0000001a0044006f00630075006d0065006e0074006100740069006f006e0000000000000000140000000000000000fb0000001e00480074006d006c0052006f0062006f007400570069006e0064006f00770000000000000002340000000000000000000000010000007500000157fc0200000001fb0000001400540065007800740045006400690074006f007202000001100000004400000338000002f0000000030000041e0000007efc0100000002fb0000000e0043006f006e0073006f006c006501000000000000055f0000000000000000fb0000001a0043006f006e0073006f006c00650041006c006c0041006c006c01000000000000041e0000006900ffffff0000041e0000036600000001000000020000000100000008fc00000000
maximizedDockId: 0
centralWidgetVisible: 1
orthographicViewHeight: 1
textFiles: 0 "../../../../installdump/webots/projects/default/controllers/ros/Ros.cpp"
globalOptionalRendering: LidarPointClouds::JointAxes::RangeFinderFrustums::LidarRaysPaths::CoordinateSystem
renderingDevicePerspectives: david:camera;1;0.916667;0.0386544;0
