%YAML:1.0
---
aruco_bc_dict: ARUCO_MIP_36h12
aruco_bc_nmarkers: 24
aruco_bc_mInfoType: 1
aruco_bc_markers:
   - { id:161, corners:[ [ -7.1999996900558472e-02,
       -7.1999996900558472e-02, 0. ], [ -3.5999998450279236e-02,
       -7.1999996900558472e-02, 0. ], [ -3.5999998450279236e-02,
       -1.0799999535083771e-01, 0. ], [ -7.1999996900558472e-02,
       -1.0799999535083771e-01, 0. ] ] }
   - { id:227, corners:[ [ -2.8799997642636299e-02,
       -7.1999996900558472e-02, 0. ], [ 7.1999994106590748e-03,
       -7.1999996900558472e-02, 0. ], [ 7.1999994106590748e-03,
       -1.0799999535083771e-01, 0. ], [ -2.8799997642636299e-02,
       -1.0799999535083771e-01, 0. ] ] }
   - { id:85, corners:[ [ 1.4399998821318150e-02,
       -7.1999996900558472e-02, 0. ], [ 5.0399996340274811e-02,
       -7.1999996900558472e-02, 0. ], [ 5.0399996340274811e-02,
       -1.0799999535083771e-01, 0. ], [ 1.4399998821318150e-02,
       -1.0799999535083771e-01, 0. ] ] }
   - { id:166, corners:[ [ 5.7599995285272598e-02,
       -7.1999996900558472e-02, 0. ], [ 9.3599997460842133e-02,
       -7.1999996900558472e-02, 0. ], [ 9.3599997460842133e-02,
       -1.0799999535083771e-01, 0. ], [ 5.7599995285272598e-02,
       -1.0799999535083771e-01, 0. ] ] }
   - { id:244, corners:[ [ -7.1999996900558472e-02,
       -2.8799997642636299e-02, 0. ], [ -3.5999998450279236e-02,
       -2.8799997642636299e-02, 0. ], [ -3.5999998450279236e-02,
       -6.4799994230270386e-02, 0. ], [ -7.1999996900558472e-02,
       -6.4799994230270386e-02, 0. ] ] }
   - { id:144, corners:[ [ -2.8799997642636299e-02,
       -2.8799997642636299e-02, 0. ], [ 7.1999994106590748e-03,
       -2.8799997642636299e-02, 0. ], [ 7.1999994106590748e-03,
       -6.4799994230270386e-02, 0. ], [ -2.8799997642636299e-02,
       -6.4799994230270386e-02, 0. ] ] }
   - { id:90, corners:[ [ 1.4399998821318150e-02,
       -2.8799997642636299e-02, 0. ], [ 5.0399996340274811e-02,
       -2.8799997642636299e-02, 0. ], [ 5.0399996340274811e-02,
       -6.4799994230270386e-02, 0. ], [ 1.4399998821318150e-02,
       -6.4799994230270386e-02, 0. ] ] }
   - { id:214, corners:[ [ 5.7599995285272598e-02,
       -2.8799997642636299e-02, 0. ], [ 9.3599997460842133e-02,
       -2.8799997642636299e-02, 0. ], [ 9.3599997460842133e-02,
       -6.4799994230270386e-02, 0. ], [ 5.7599995285272598e-02,
       -6.4799994230270386e-02, 0. ] ] }
   - { id:153, corners:[ [ -7.1999996900558472e-02,
       1.4399998821318150e-02, 0. ], [ -3.5999998450279236e-02,
       1.4399998821318150e-02, 0. ], [ -3.5999998450279236e-02,
       -2.1599998697638512e-02, 0. ], [ -7.1999996900558472e-02,
       -2.1599998697638512e-02, 0. ] ] }
   - { id:7, corners:[ [ -2.8799997642636299e-02, 1.4399998821318150e-02,
       0. ], [ 7.1999994106590748e-03, 1.4399998821318150e-02, 0. ], [
       7.1999994106590748e-03, -2.1599998697638512e-02, 0. ], [
       -2.8799997642636299e-02, -2.1599998697638512e-02, 0. ] ] }
   - { id:143, corners:[ [ 1.4399998821318150e-02,
       1.4399998821318150e-02, 0. ], [ 5.0399996340274811e-02,
       1.4399998821318150e-02, 0. ], [ 5.0399996340274811e-02,
       -2.1599998697638512e-02, 0. ], [ 1.4399998821318150e-02,
       -2.1599998697638512e-02, 0. ] ] }
   - { id:219, corners:[ [ 5.7599995285272598e-02,
       1.4399998821318150e-02, 0. ], [ 9.3599997460842133e-02,
       1.4399998821318150e-02, 0. ], [ 9.3599997460842133e-02,
       -2.1599998697638512e-02, 0. ], [ 5.7599995285272598e-02,
       -2.1599998697638512e-02, 0. ] ] }
   - { id:78, corners:[ [ -7.1999996900558472e-02,
       5.7599995285272598e-02, 0. ], [ -3.5999998450279236e-02,
       5.7599995285272598e-02, 0. ], [ -3.5999998450279236e-02,
       2.1599998697638512e-02, 0. ], [ -7.1999996900558472e-02,
       2.1599998697638512e-02, 0. ] ] }
   - { id:159, corners:[ [ -2.8799997642636299e-02,
       5.7599995285272598e-02, 0. ], [ 7.1999994106590748e-03,
       5.7599995285272598e-02, 0. ], [ 7.1999994106590748e-03,
       2.1599998697638512e-02, 0. ], [ -2.8799997642636299e-02,
       2.1599998697638512e-02, 0. ] ] }
   - { id:209, corners:[ [ 1.4399998821318150e-02,
       5.7599995285272598e-02, 0. ], [ 5.0399996340274811e-02,
       5.7599995285272598e-02, 0. ], [ 5.0399996340274811e-02,
       2.1599998697638512e-02, 0. ], [ 1.4399998821318150e-02,
       2.1599998697638512e-02, 0. ] ] }
   - { id:13, corners:[ [ 5.7599995285272598e-02, 5.7599995285272598e-02,
       0. ], [ 9.3599997460842133e-02, 5.7599995285272598e-02, 0. ], [
       9.3599997460842133e-02, 2.1599998697638512e-02, 0. ], [
       5.7599995285272598e-02, 2.1599998697638512e-02, 0. ] ] }
   - { id:247, corners:[ [ -7.1999996900558472e-02,
       1.0079999268054962e-01, 0. ], [ -3.5999998450279236e-02,
       1.0079999268054962e-01, 0. ], [ -3.5999998450279236e-02,
       6.4799994230270386e-02, 0. ], [ -7.1999996900558472e-02,
       6.4799994230270386e-02, 0. ] ] }
   - { id:237, corners:[ [ -2.8799997642636299e-02,
       1.0079999268054962e-01, 0. ], [ 7.1999994106590748e-03,
       1.0079999268054962e-01, 0. ], [ 7.1999994106590748e-03,
       6.4799994230270386e-02, 0. ], [ -2.8799997642636299e-02,
       6.4799994230270386e-02, 0. ] ] }
   - { id:100, corners:[ [ 1.4399998821318150e-02,
       1.0079999268054962e-01, 0. ], [ 5.0399996340274811e-02,
       1.0079999268054962e-01, 0. ], [ 5.0399996340274811e-02,
       6.4799994230270386e-02, 0. ], [ 1.4399998821318150e-02,
       6.4799994230270386e-02, 0. ] ] }
   - { id:6, corners:[ [ 5.7599995285272598e-02, 1.0079999268054962e-01,
       0. ], [ 9.3599997460842133e-02, 1.0079999268054962e-01, 0. ], [
       9.3599997460842133e-02, 6.4799994230270386e-02, 0. ], [
       5.7599995285272598e-02, 6.4799994230270386e-02, 0. ] ] }
   - { id:177, corners:[ [ -7.1999996900558472e-02,
       1.4399999380111694e-01, 0. ], [ -3.5999998450279236e-02,
       1.4399999380111694e-01, 0. ], [ -3.5999998450279236e-02,
       1.0799999535083771e-01, 0. ], [ -7.1999996900558472e-02,
       1.0799999535083771e-01, 0. ] ] }
   - { id:93, corners:[ [ -2.8799997642636299e-02,
       1.4399999380111694e-01, 0. ], [ 7.1999994106590748e-03,
       1.4399999380111694e-01, 0. ], [ 7.1999994106590748e-03,
       1.0799999535083771e-01, 0. ], [ -2.8799997642636299e-02,
       1.0799999535083771e-01, 0. ] ] }
   - { id:86, corners:[ [ 1.4399998821318150e-02, 1.4399999380111694e-01,
       0. ], [ 5.0399996340274811e-02, 1.4399999380111694e-01, 0. ], [
       5.0399996340274811e-02, 1.0799999535083771e-01, 0. ], [
       1.4399998821318150e-02, 1.0799999535083771e-01, 0. ] ] }
   - { id:229, corners:[ [ 5.7599995285272598e-02,
       1.4399999380111694e-01, 0. ], [ 9.3599997460842133e-02,
       1.4399999380111694e-01, 0. ], [ 9.3599997460842133e-02,
       1.0799999535083771e-01, 0. ], [ 5.7599995285272598e-02,
       1.0799999535083771e-01, 0. ] ] }
