%YAML:1.0
---
aruco_bc_dict: ARUCO_MIP_36h12
aruco_bc_nmarkers: 24
aruco_bc_mInfoType: 1
aruco_bc_markers:
   - { id:245, corners:[ [ -3.1176000833511353e-01,
       -3.8970001041889191e-02, 0. ], [ -2.3382000625133514e-01,
       -3.8970001041889191e-02, 0. ], [ -2.3382000625133514e-01,
       -1.1691000312566757e-01, 0. ], [ -3.1176000833511353e-01,
       -1.1691000312566757e-01, 0. ] ] }
   - { id:86, corners:[ [ -2.1823200583457947e-01,
       -3.8970001041889191e-02, 0. ], [ -1.4029200375080109e-01,
       -3.8970001041889191e-02, 0. ], [ -1.4029200375080109e-01,
       -1.1691000312566757e-01, 0. ], [ -2.1823200583457947e-01,
       -1.1691000312566757e-01, 0. ] ] }
   - { id:209, corners:[ [ -1.2470400333404541e-01,
       -3.8970001041889191e-02, 0. ], [ -4.6764001250267029e-02,
       -3.8970001041889191e-02, 0. ], [ -4.6764001250267029e-02,
       -1.1691000312566757e-01, 0. ], [ -1.2470400333404541e-01,
       -1.1691000312566757e-01, 0. ] ] }
   - { id:117, corners:[ [ -3.1176000833511353e-02,
       -3.8970001041889191e-02, 0. ], [ 4.6764001250267029e-02,
       -3.8970001041889191e-02, 0. ], [ 4.6764001250267029e-02,
       -1.1691000312566757e-01, 0. ], [ -3.1176000833511353e-02,
       -1.1691000312566757e-01, 0. ] ] }
   - { id:208, corners:[ [ 6.2352001667022705e-02,
       -3.8970001041889191e-02, 0. ], [ 1.4029200375080109e-01,
       -3.8970001041889191e-02, 0. ], [ 1.4029200375080109e-01,
       -1.1691000312566757e-01, 0. ], [ 6.2352001667022705e-02,
       -1.1691000312566757e-01, 0. ] ] }
   - { id:63, corners:[ [ 1.5588000416755676e-01,
       -3.8970001041889191e-02, 0. ], [ 2.3382000625133514e-01,
       -3.8970001041889191e-02, 0. ], [ 2.3382000625133514e-01,
       -1.1691000312566757e-01, 0. ], [ 1.5588000416755676e-01,
       -1.1691000312566757e-01, 0. ] ] }
   - { id:172, corners:[ [ 2.4940800666809082e-01,
       -3.8970001041889191e-02, 0. ], [ 3.2734799385070801e-01,
       -3.8970001041889191e-02, 0. ], [ 3.2734799385070801e-01,
       -1.1691000312566757e-01, 0. ], [ 2.4940800666809082e-01,
       -1.1691000312566757e-01, 0. ] ] }
   - { id:123, corners:[ [ 3.4293600916862488e-01,
       -3.8970001041889191e-02, 0. ], [ 4.2087599635124207e-01,
       -3.8970001041889191e-02, 0. ], [ 4.2087599635124207e-01,
       -1.1691000312566757e-01, 0. ], [ 3.4293600916862488e-01,
       -1.1691000312566757e-01, 0. ] ] }
   - { id:91, corners:[ [ -3.1176000833511353e-01,
       5.4558001458644867e-02, 0. ], [ -2.3382000625133514e-01,
       5.4558001458644867e-02, 0. ], [ -2.3382000625133514e-01,
       -2.3382000625133514e-02, 0. ], [ -3.1176000833511353e-01,
       -2.3382000625133514e-02, 0. ] ] }
   - { id:204, corners:[ [ -2.1823200583457947e-01,
       5.4558001458644867e-02, 0. ], [ -1.4029200375080109e-01,
       5.4558001458644867e-02, 0. ], [ -1.4029200375080109e-01,
       -2.3382000625133514e-02, 0. ], [ -2.1823200583457947e-01,
       -2.3382000625133514e-02, 0. ] ] }
   - { id:105, corners:[ [ -1.2470400333404541e-01,
       5.4558001458644867e-02, 0. ], [ -4.6764001250267029e-02,
       5.4558001458644867e-02, 0. ], [ -4.6764001250267029e-02,
       -2.3382000625133514e-02, 0. ], [ -1.2470400333404541e-01,
       -2.3382000625133514e-02, 0. ] ] }
   - { id:56, corners:[ [ -3.1176000833511353e-02,
       5.4558001458644867e-02, 0. ], [ 4.6764001250267029e-02,
       5.4558001458644867e-02, 0. ], [ 4.6764001250267029e-02,
       -2.3382000625133514e-02, 0. ], [ -3.1176000833511353e-02,
       -2.3382000625133514e-02, 0. ] ] }
   - { id:65, corners:[ [ 6.2352001667022705e-02, 5.4558001458644867e-02,
       0. ], [ 1.4029200375080109e-01, 5.4558001458644867e-02, 0. ], [
       1.4029200375080109e-01, -2.3382000625133514e-02, 0. ], [
       6.2352001667022705e-02, -2.3382000625133514e-02, 0. ] ] }
   - { id:17, corners:[ [ 1.5588000416755676e-01, 5.4558001458644867e-02,
       0. ], [ 2.3382000625133514e-01, 5.4558001458644867e-02, 0. ], [
       2.3382000625133514e-01, -2.3382000625133514e-02, 0. ], [
       1.5588000416755676e-01, -2.3382000625133514e-02, 0. ] ] }
   - { id:0, corners:[ [ 2.4940800666809082e-01, 5.4558001458644867e-02,
       0. ], [ 3.2734799385070801e-01, 5.4558001458644867e-02, 0. ], [
       3.2734799385070801e-01, -2.3382000625133514e-02, 0. ], [
       2.4940800666809082e-01, -2.3382000625133514e-02, 0. ] ] }
   - { id:121, corners:[ [ 3.4293600916862488e-01,
       5.4558001458644867e-02, 0. ], [ 4.2087599635124207e-01,
       5.4558001458644867e-02, 0. ], [ 4.2087599635124207e-01,
       -2.3382000625133514e-02, 0. ], [ 3.4293600916862488e-01,
       -2.3382000625133514e-02, 0. ] ] }
   - { id:203, corners:[ [ -3.1176000833511353e-01,
       1.4808599650859833e-01, 0. ], [ -2.3382000625133514e-01,
       1.4808599650859833e-01, 0. ], [ -2.3382000625133514e-01,
       7.0146001875400543e-02, 0. ], [ -3.1176000833511353e-01,
       7.0146001875400543e-02, 0. ] ] }
   - { id:69, corners:[ [ -2.1823200583457947e-01,
       1.4808599650859833e-01, 0. ], [ -1.4029200375080109e-01,
       1.4808599650859833e-01, 0. ], [ -1.4029200375080109e-01,
       7.0146001875400543e-02, 0. ], [ -2.1823200583457947e-01,
       7.0146001875400543e-02, 0. ] ] }
   - { id:52, corners:[ [ -1.2470400333404541e-01,
       1.4808599650859833e-01, 0. ], [ -4.6764001250267029e-02,
       1.4808599650859833e-01, 0. ], [ -4.6764001250267029e-02,
       7.0146001875400543e-02, 0. ], [ -1.2470400333404541e-01,
       7.0146001875400543e-02, 0. ] ] }
   - { id:202, corners:[ [ -3.1176000833511353e-02,
       1.4808599650859833e-01, 0. ], [ 4.6764001250267029e-02,
       1.4808599650859833e-01, 0. ], [ 4.6764001250267029e-02,
       7.0146001875400543e-02, 0. ], [ -3.1176000833511353e-02,
       7.0146001875400543e-02, 0. ] ] }
   - { id:177, corners:[ [ 6.2352001667022705e-02,
       1.4808599650859833e-01, 0. ], [ 1.4029200375080109e-01,
       1.4808599650859833e-01, 0. ], [ 1.4029200375080109e-01,
       7.0146001875400543e-02, 0. ], [ 6.2352001667022705e-02,
       7.0146001875400543e-02, 0. ] ] }
   - { id:170, corners:[ [ 1.5588000416755676e-01,
       1.4808599650859833e-01, 0. ], [ 2.3382000625133514e-01,
       1.4808599650859833e-01, 0. ], [ 2.3382000625133514e-01,
       7.0146001875400543e-02, 0. ], [ 1.5588000416755676e-01,
       7.0146001875400543e-02, 0. ] ] }
   - { id:211, corners:[ [ 2.4940800666809082e-01,
       1.4808599650859833e-01, 0. ], [ 3.2734799385070801e-01,
       1.4808599650859833e-01, 0. ], [ 3.2734799385070801e-01,
       7.0146001875400543e-02, 0. ], [ 2.4940800666809082e-01,
       7.0146001875400543e-02, 0. ] ] }
   - { id:36, corners:[ [ 3.4293600916862488e-01, 1.4808599650859833e-01,
       0. ], [ 4.2087599635124207e-01, 1.4808599650859833e-01, 0. ], [
       4.2087599635124207e-01, 7.0146001875400543e-02, 0. ], [
       3.4293600916862488e-01, 7.0146001875400543e-02, 0. ] ] }
