%YAML:1.0
---
image_width: 1280
image_height: 720
camera_matrix: !!opencv-matrix
   rows: 3
   cols: 3
   dt: f
   data: [ 9.15942749e+02, 0., 6.71795166e+02, 0., 9.13047302e+02,
       3.74841095e+02, 0., 0., 1. ]
distortion_coefficients: !!opencv-matrix
   rows: 1
   cols: 5
   dt: f
   data: [ -1.61722407e-01, 4.43538934e-01, 1.92545354e-03,
       2.64326576e-03, -4.16202158e-01 ]
