%YAML:1.0
---
aruco_bc_dict: ARUCO_MIP_36h12
aruco_bc_nmarkers: 24
aruco_bc_mInfoType: 0
aruco_bc_markers:
   - { id:245, corners:[ [ -1600., -200., 0. ], [ -1200., -200., 0. ], [
       -1200., -600., 0. ], [ -1600., -600., 0. ] ] }
   - { id:86, corners:[ [ -1120., -200., 0. ], [ -720., -200., 0. ], [
       -720., -600., 0. ], [ -1120., -600., 0. ] ] }
   - { id:209, corners:[ [ -640., -200., 0. ], [ -240., -200., 0. ], [
       -240., -600., 0. ], [ -640., -600., 0. ] ] }
   - { id:117, corners:[ [ -160., -200., 0. ], [ 240., -200., 0. ], [
       240., -600., 0. ], [ -160., -600., 0. ] ] }
   - { id:208, corners:[ [ 320., -200., 0. ], [ 720., -200., 0. ], [
       720., -600., 0. ], [ 320., -600., 0. ] ] }
   - { id:63, corners:[ [ 800., -200., 0. ], [ 1200., -200., 0. ], [
       1200., -600., 0. ], [ 800., -600., 0. ] ] }
   - { id:172, corners:[ [ 1280., -200., 0. ], [ 1680., -200., 0. ], [
       1680., -600., 0. ], [ 1280., -600., 0. ] ] }
   - { id:123, corners:[ [ 1760., -200., 0. ], [ 2160., -200., 0. ], [
       2160., -600., 0. ], [ 1760., -600., 0. ] ] }
   - { id:91, corners:[ [ -1600., 280., 0. ], [ -1200., 280., 0. ], [
       -1200., -120., 0. ], [ -1600., -120., 0. ] ] }
   - { id:204, corners:[ [ -1120., 280., 0. ], [ -720., 280., 0. ], [
       -720., -120., 0. ], [ -1120., -120., 0. ] ] }
   - { id:105, corners:[ [ -640., 280., 0. ], [ -240., 280., 0. ], [
       -240., -120., 0. ], [ -640., -120., 0. ] ] }
   - { id:56, corners:[ [ -160., 280., 0. ], [ 240., 280., 0. ], [ 240.,
       -120., 0. ], [ -160., -120., 0. ] ] }
   - { id:65, corners:[ [ 320., 280., 0. ], [ 720., 280., 0. ], [ 720.,
       -120., 0. ], [ 320., -120., 0. ] ] }
   - { id:17, corners:[ [ 800., 280., 0. ], [ 1200., 280., 0. ], [ 1200.,
       -120., 0. ], [ 800., -120., 0. ] ] }
   - { id:0, corners:[ [ 1280., 280., 0. ], [ 1680., 280., 0. ], [ 1680.,
       -120., 0. ], [ 1280., -120., 0. ] ] }
   - { id:121, corners:[ [ 1760., 280., 0. ], [ 2160., 280., 0. ], [
       2160., -120., 0. ], [ 1760., -120., 0. ] ] }
   - { id:203, corners:[ [ -1600., 760., 0. ], [ -1200., 760., 0. ], [
       -1200., 360., 0. ], [ -1600., 360., 0. ] ] }
   - { id:69, corners:[ [ -1120., 760., 0. ], [ -720., 760., 0. ], [
       -720., 360., 0. ], [ -1120., 360., 0. ] ] }
   - { id:52, corners:[ [ -640., 760., 0. ], [ -240., 760., 0. ], [
       -240., 360., 0. ], [ -640., 360., 0. ] ] }
   - { id:202, corners:[ [ -160., 760., 0. ], [ 240., 760., 0. ], [ 240.,
       360., 0. ], [ -160., 360., 0. ] ] }
   - { id:177, corners:[ [ 320., 760., 0. ], [ 720., 760., 0. ], [ 720.,
       360., 0. ], [ 320., 360., 0. ] ] }
   - { id:170, corners:[ [ 800., 760., 0. ], [ 1200., 760., 0. ], [
       1200., 360., 0. ], [ 800., 360., 0. ] ] }
   - { id:211, corners:[ [ 1280., 760., 0. ], [ 1680., 760., 0. ], [
       1680., 360., 0. ], [ 1280., 360., 0. ] ] }
   - { id:36, corners:[ [ 1760., 760., 0. ], [ 2160., 760., 0. ], [
       2160., 360., 0. ], [ 1760., 360., 0. ] ] }
